0
0 0
1 4
2 7
3 2
4 0
5 3
6 2
7 3
8 -2
9 5
10 20
0 T 1 0.9 0 0.1
0 B 0 1
0 J 2 0.9 1 0.1
0 R 0 1
1 T 2 0.9 1 0.1
1 B 0 0.9 1 0.1
1 J 3 0.9 2 0.1
1 R 0 1
2 T 3 0.9 2 0.1
2 B 1 0.9 2 0.1
2 J 4 0.9 3 0.1
2 R 0 0.9 1 0.1
3 T 4 0.9 3 0.1
3 B 2 0.9 3 0.1
3 J 5 0.9 4 0.1
3 R 1 0.9 2 0.1
4 T 5 0.9 4 0.1
4 B 3 0.9 4 0.1
4 J 6 0.9 5 0.1
4 R 2 0.9 3 0.1
5 T 6 0.9 5 0.1
5 B 4 0.9 5 0.1
5 J 7 0.9 6 0.1
5 R 3 0.9 4 0.1
6 T 7 0.9 6 0.1
6 B 5 0.9 6 0.1
6 J 8 0.9 7 0.1
6 R 4 0.9 5 0.1
7 T 8 0.9 7 0.1
7 B 6 0.9 7 0.1
7 J 9 0.9 8 0.1
7 R 5 0.9 6 0.1
8 T 9 0.9 8 0.1
8 B 7 0.9 8 0.1
8 J 10 0.9 9 0.1
8 R 6 0.9 7 0.1
9 T 10 0.9 9 0.1
9 B 8 0.9 9 0.1
9 J 10 1
9 R 7 0.9 8 0.1
10 T 10 1
10 B 9 0.9 10 0.1
10 J 10 1
10 R 8 0.9 9 0.1
